3
611634329
78838
4825
556769
5032601412
35300
5492594
03
9411
7270008
31
487
98
435702
622687
4172646077
11803751
189
2057782594
54627813
69825030
02385596
4
67521
3744
909
2
41988800
219533753
895
3372547027
556017004
48930
628554021
5212
045259
7
7
337
82116
6861
92
2484654162
75706
6584161
66286584
77
2473479038
49869851
19385433
362
885165
2
8
653831474
779245
370518
7340048334
29290
9889510534
156075
9743674905
344580049
933278
983
313634
83372
120033331
27621420
963741
8754855
745746
0829
630196726
661
2170142137
48425707
438
2360
68579659
60562
57149
0548497870
755695
166940
8140480
95795695
03
4822
29
353011638
33454498
24
10
289
2
6
42995574
9826
